1 1 0 30 INV
2 1 0 30 31 AND
2 1 0 15 32 AND
2 1 1 16 33 XOR
2 1 2 17 34 XOR
1 1 33 35 INV
1 1 34 36 INV
2 1 35 36 37 AND
1 1 37 38 INV
2 1 32 38 39 AND
2 1 3 18 40 AND
2 1 4 19 41 XOR
2 1 5 20 42 XOR
1 1 41 43 INV
1 1 42 44 INV
2 1 43 44 45 AND
1 1 45 46 INV
2 1 40 46 47 AND
2 1 6 21 48 AND
2 1 7 22 49 XOR
2 1 8 23 50 XOR
1 1 49 51 INV
1 1 50 52 INV
2 1 51 52 53 AND
1 1 53 54 INV
2 1 48 54 55 AND
2 1 9 24 56 AND
2 1 10 25 57 XOR
2 1 11 26 58 XOR
1 1 57 59 INV
1 1 58 60 INV
2 1 59 60 61 AND
1 1 61 62 INV
2 1 56 62 63 AND
2 1 12 27 64 AND
2 1 13 28 65 XOR
2 1 14 29 66 XOR
1 1 65 67 INV
1 1 66 68 INV
2 1 67 68 69 AND
1 1 69 70 INV
2 1 64 70 71 AND
2 1 31 31 72 AND
2 1 31 31 73 XOR
2 1 31 31 74 XOR
1 1 73 75 INV
1 1 74 76 INV
2 1 75 76 77 AND
1 1 77 78 INV
2 1 72 78 79 AND
2 1 31 31 80 AND
2 1 31 31 81 XOR
2 1 31 31 82 XOR
1 1 81 83 INV
1 1 82 84 INV
2 1 83 84 85 AND
1 1 85 86 INV
2 1 80 86 87 AND
2 1 31 31 88 AND
2 1 31 31 89 XOR
2 1 31 31 90 XOR
1 1 89 91 INV
1 1 90 92 INV
2 1 91 92 93 AND
1 1 93 94 INV
2 1 88 94 95 AND
2 1 39 47 96 AND
2 1 39 47 97 XOR
2 1 55 63 98 AND
2 1 55 63 99 XOR
2 1 71 79 100 AND
2 1 71 79 101 XOR
2 1 87 95 102 AND
2 1 87 95 103 XOR
